37
57
170
81
138
255
168
104
261
198
106
123
180
263
193
169
208
145
202
55
72
13
223
174
107
114
64
237
135
173
7
216
296
189
51
248
108
121
230
241
13
191
75
145
52
211
149
80
51
19
167
138
136
201
82
67
37
152
123
300
227
270
62
68
9
89
165
103
259
260
291
12
211
97
44
103
271
24
237
132
197
96
12
6
271
168
293
295
280
201
90
218
84
142
249
35
45
203
76
95
237
202
269
94
156
112
186
26
82
203
64
47
258
256
251
188
158
146
287
273
248
290
278
180
157
230
152
17
287
196
17
146
166
297
183
214
300
257
87
48
219
40
5
194
76
250
201
104
127
293
205
288
117
264
218
34
166
138
87
140
34
49
18
107
208
206
195
212
137
79
31
195
238
285
131
121
121
208
276
17
16
52
299
278
274
286
7
52
142
170
251
102
276
29
130
139
252
1
160
165
232
30
139
215
297
289
212
200
3
123
123
270
117
263
110
124
221
280
236
102
280
199
204
56
127
173
95
189
185
287
31
144
245
104
235
183
34
173
234
158
95
288
129
164
289
49
22
165
35
18
82
248
167
284
210
101
96
249
94
232
296
263
208
180
265
2
194
232
71
172
161
212
79
73
161
200
123
12
116
167
215
211
279
198
48
286
52
130
93
107
43
46
185
46
42
259
209
87
88
91
76
95
185
107
187
27
105
29
36
100
253
207
137
171
159
103
68
252
168
97
143
145
20
193
203
277
47
184
119
96
177
225
166
75
296
51
202
239
209
41
37
134
159
126
246
255
146
89
261
160
30
300
136
162
44
77
276
251
239
158
3
263
196
67
178
221
151
18
98
256
273
130
20
129
200
165
276
53
138
241
26
141
177
229
162
295
150
153
139
100
83
221
135
96
169
299
19
113
213
244
193
186
127
29
102
256
52
232
152
180
10
4
29
290
85
66
245
39
92
38
211
245
23
142
43
97
287
160
188
69
119
90
275
62
148
71
256
30
65
275
203
66
119
189
207
180
287
145
103
262
10
121
132
262
138
282
58
20
127
44
135
17
228
44
281
155
248
246
108
224
186
45
72
134
63
79
276
204
96
172
259
152
179
248
187
246
20
243
138
120
276
119
183
288
37
259
253
161
153
7
113
231
257
155
241
90
13
134
26
75
58
221
89
196
286
223
246
55
222
37
251
272
262
74
12
29
79
142
209
198
157
228
96
147
122
17
163
91
283
70
211
263
157
223
126
255
28
102
106
11
226
81
217
8
14
183
46
178
251
160
194
157
36
270
45
234
21
223
116
162
36
298
256
22
88
21
239
297
178
262
192
174
44
139
219
40
28
296
71
219
101
83
50
198
131
25
279
290
48
101
79
7
217
167
73
248
22
214
256
111
177
52
170
17
114
91
126
41
35
66
227
73
299
148
149
13
166
12
224
150
213
190
186
73
158
202
9
237
154
102
98
255
112
91
176
236
31
261
178
265
210
61
265
145
204
209
179
190
244
217
80
178
130
114
21
222
277
156
239
108
259
208
249
99
188
68
115
121
99
286
158
231
103
37
98
34
46
6
236
143
163
36
48
25
47
165
145
218
95
61
159
68
154
202
254
117
141
193
58
33
43
285
215
99
201
184
272
108
185
88
176
195
238
27
209
31
255
23
10
114
292
78
245
229
3
226
119
119
151
35
32
281
193
29
273
224
33
255
290
122
88
137
229
278
109
138
270
100
76
115
97
218
140
92
145
199
244
257
143
267
91
196
116
53
53
256
243
269
278
97
105
172
110
45
43
147
49
282
244
154
96
175
9
286
82
175
155
224
105
102
173
274
59
168
147
89
174
39
24
218
218
41
265
271
262
110
136
66
91
39
68
153
266
244
200
227
244
227
294
60
193
296
40
218
81
215
74
287
155
119
72
227
49
11
15
285
30
255
187
209
115
233
118
46
180
11
138
297
36
16
7
222
159
30
265
178
163
25
68
157
247
45
89
92
74
171
108
214
141
90
229
298
152
99
71
113
114
146
144
12
122
197
73
275
105
71
76
242
286
262
110
260
255
139
133
262
31
126
64
159
82
10
165
168
202
204
104
84
28
191
35
91
163
1
73
86
206
80
68
251
146
136
228
9
23
120
12
161
55
196
116
233
284
127
78
261
247
35
177
263
13
228
267
217
177
287
24
97
202
221
272
268
50
11
128
164
246
161
17
219
280
80
284
277
296
32
255
162
44
84
241
114
68
196
282
172
84
136
229
134
215
116
24
239
248
55
251
139
46
159
41
86
112
102
33
39
237
28
152
117
285
224
196
298
106
76
298
29
4
182
98
282
110
162
256
249
178
264
75
7
196
272
150
255
240
294
200
138
3
157
88
298
142
17
148
78
124
57
280
132
40
43
135
217
219
234
141
246
73
130
137
101
38
70
181
27
70
101
6
152
101
153
139
61
46
176
148
67
290
144
69
136
141
45
242
183
203
115
238
132
231
44
37
105
21
26
182
57
259
189
72
289
139
261
207
281
135
219
215
73
6
181
275
210
209
124
224
4
142
9
94
196
289
175
141
78
242
196
102
153
27
82
107
85
219
160
18
10
252
86
254
299
255
288
217
253
216
300
196
65
84
31
165
161
187
142
164
226
280
51
176
147
60
296
269
44
244
171
206
255
125
52
48
98
64
62
298
178
149
53
163
106
43
58
165
139
244
12
184
207
151
51
65
86
144
73
110
189
96
250
241
297
108
179
118
171
157
67
156
280
201
265
129
10
186
272
137
172
273
269
293
234
70
178
129
148
63
30
213
212
207
6
140
209
270
38
89
151
236
20
201
53
187
202
299
257
183
44
77
300
260
197
167
158
169
14
76
88
43
54
16
125
68
141
140
111
47
276
216
1
5
198
252
147
15
237
192
189
17
240
83
269
239
299
188
121
27
16
62
82
117
98
296
48
262
52
110
136
114
133
144
104
295
66
126
275
132
94
236
241
242
79
279
79
168
279
111
223
74
41
30
110
161
289
177
132
237
103
183
159
277
239
84
276
151
275
139
121
194
294
195
42
73
187
98
32
63
75
32
53
87
193
22
100
298
106
251
108
81
86
40
280
48
16
159
292
205
234
132
82
42
206
256
228
2
2
290
166
271
172
239
9
136
120
8
66
75
258
91
172
155
231
139
221
103
141
272
161
280
37
214
148
40
144
12
130
274
51
259
193
271
4
168
218
10
66
281
46
189
184
114
233
135
109
221
178
184
16
72
2
36
109
230
97
208
203
170
292
42
250
62
269
113
96
166
296
169
96
155
153
10
23
164
179
188
16
74
22
249
131
206
244
91
125
151
207
156
265
43
184
186
256
93
264
234
91
8
17
27
241
55
117
232
209
53
37
12
291
29
124
16
36
21
143
131
128
26
141
227
276
209
154
95
153
42
41
284
85
27
208
266
296
260
155
114
212
43
102
256
245
255
269
102
247
69
114
83
144
113
54
93
39
166
11
205
146
214
172
124
3
246
246
300
42
66
95
136
138
287
91
36
163
126
38
143
21
129
58
287
182
121
39
259
180
222
242
106
63
106
33
251
73
22
62
232
203
58
110
199
228
288
146
242
191
139
103
41
92
264
265
263
129
96
283
141
219
113
27
7
121
196
262
249
179
107
270
178
144
38
60
50
218
297
102
35
45
282
284
296
222
262
256
259
20
30
79
246
183
140
280
105
266
52
131
198
145
158
247
198
42
142
7
125
208
248
152
81
184
6
234
269
171
94
82
112
84
275
119
137
133
247
176
8
214
35
287
68
28
185
253
196
168
66
1
250
109
231
50
264
26
286
30
154
37
109
150
208
135
77
220
258
143
193
204
178
82
210
98
137
2
25
80
11
246
154
35
263
141
198
289
75
275
123
34
249
96
31
272
46
146
207
154
286
14
63
268
48
73
265
34
63
299
292
129
40
236
279
291
244
271
145
254
194
46
236
33
134
196
168
220
2
288
243
135
19
300
85
256
240
90
128
129
49
236
91
239
105
26
55
72
223
108
38
235
166
283
244
110
18
262
108
126
245
179
82
94
171
105
233
126
205
157
199
248
12
183
187
24
33
159
225
159
90
119
2
156
39
80
148
69
104
238
138
103
158
275
46
93
100
272
176
112
38
99
269
248
18
205
109
125
134
36
92
75
246
265
39
158
164
136
159
62
260
182
166
236
94
44
54
123
153
33
243
28
64
266
124
254
210
186
128
180
30
264
2
168
212
97
132
184
28
24
275
124
285
15
68
213
137
46
278
229
204
242
218
123
117
34
229
118
82
8
52
158
80
286
252
280
266
247
74
189
10
221
121
262
23
109
297
124
79
258
7
17
296
109
51
119
240
129
16
271
192
27
66
166
131
43
137
67
172
15
256
184
292
187
281
52
91
101
263
153
141
165
143
15
160
210
231
138
42
117
129
217
131
177
251
234
62
165
238
78
91
252
197
295
140
260
116
90
184
146
225
185
30
81
94
68
38
267
198
71
160
122
255
116
209
273
72
178
209
16
39
214
2
190
76
114
117
232
132
64
167
153
265
117
176
82
135
41
53
116
109
38
146
15
217
258
36
74
165
238
78
150
143
254
132
53
275
187
18
299
209
181
123
186
186
167
176
167
232
52
123
51
22
31
49
204
88
257
10
85
33
76
201
176
96
101
258
182
294
230
178
145
242
124
134
153
154
6
159
264
296
32
222
37
136
126
124
268
201
42
219
288
220
250
210
17
1
236
58
58
209
70
276
78
16
74
42
249
3
56
148
162
47
118
71
282
6
277
168
20
169
110
105
26
10
36
91
18
161
24
111
265
98
27
247
205
168
9
156
226
129
5
182
61
71
128
115
137
258
143
31
198
146
193
97
239
161
149
48
88
147
293
255
109
109
137
200
281
23
274
290
61
290
197
252
20
16
34
147
118
30
139
48
65
188
69
66
176
106
17
251
175
127
22
235
218
81
264
213
216
238
52
233
79
50
1
219
180
113
295
66
49
7
40
37
182
252
101
253
130
187
95
139
286
91
299
141
110
140
286
67
220
222
289
114
196
53
175
122
154
41
201
64
203
107
123
245
228
58
221
130
49
138
187
196
162
262
282
185
42
1
40
166
276
292
77
133
251
10
269
13
273
294
19
290
79
291
246
206
155
251
215
53
186
288
75
140
235
163
35
95
103
109
205
173
164
285
59
199
231
158
207
110
209
253
216
96
261
54
230
90
184
259
230
19
115
104
242
217
215
128
120
247
211
60
278
118
215
185
158
159
126
107
230
22
30
112
109
111
69
294
128
271
222
110
189
80
201
86
142
58
127
147
37
273
78
135
261
109
293
9
20
4
275
186
110
27
28
163
91
184
186
49
88
19
132
76
180
11
89
265
16
12
56
251
269
252
132
254
18
207
145
74
8
80
132
119
289
77
42
123
285
193
219
300
92
88
290
156
28
44
49
206
70
276
97
19
54
147
134
194
203
205
152
253
263
157
115
144
74
58
255
249
186
182
234
83
5
268
56
240
211
4
44
263
147
243
266
49
164
293
75
135
213
137
235
119
146
114
173
137
124
139
28
290
191
294
175
252
69
12
275
198
10
264
74
247
22
265
300
65
206
77
40
181
39
193
245
169
130
10
19
70
88
39
285
213
231
214
297
226
193
99
115
70
76
202
283
74
264
42
124
192
20
167
55
122
13
254
291
184
72
64
216
130
180
47
213
245
41
224
44
127
272
62
22
108
41
78
16
92
106
52
31
77
80
127
289
195
291
157
257
249
145
257
66
45
78
126
37
275
9
192
167
281
296
298
56
180
257
149
19
153
176
130
127
198
75
147
197
53
17
99
287
94
265
165
150
254
231
71
7
183
190
150
237
49
196
238
201
292
207
46
39
126
190
252
14
211
111
284
18
207
209
205
50
13
225
117
81
146
274
4
215
271
106
243
86
293
24
186
107
190
282
37
53
122
33
94
212
299
224
177
34
227
190
248
129
299
218
300
290
236
217
247
197
61
179
34
274
276
29
58
206
39
13
297
11
227
299
145
216
63
225
280
155
286
276
1
270
186
198
248
183
71
290
183
251
98
192
4
249
145
211
261
231
264
286
61
107
43
116
294
59
20
73
190
244
220
102
65
140
124
16
154
108
250
206
284
225
22
276
277
157
82
191
105
143
180
204
235
284
101
9
112
46
41
46
280
169
258
291
194
111
222
122
59
288
176
22
183
102
51
243
8
297
121
239
282
15
40
255
255
142
96
183
87
38
102
163
32
60
129
80
9
283
121
73
278
122
208
173
198
248
78
38
22
66
277
63
235
12
241
164
89
259
270
128
179
227
299
246
92
82
167
14
296
9
213
132
224
297
52
214
143
128
286
271
146
248
94
200
8
156
43
22
252
104
49
214
82
14
130
146
104
169
207
245
158
126
139
51
6
234
261
123
210
219
236
148
110
174
249
83
210
196
130
80
262
139
81
272
265
31
95
69
269
93
179
177
162
189
18
134
159
88
100
242
24
273
274
275
109
78
250
275
59
230
223
102
141
135
247
110
277
154
114
251
286
113
27
267
251
109
136
24
99
115
190
62
265
263
242
163
104
66
189
240
299
169
285
143
7
195
184
231
218
135
3
186
290
52
210
62
86
213
70
256
142
32
109
36
5
11
62
13
37
83
15
112
291
296
218
273
76
163
177
22
128
158
230
194
9
280
271
237
113
65
70
12
176
232
277
175
27
273
62
139
27
277
1
183
147
76
97
258
212
161
214
102
137
285
152
215
35
162
15
242
89
274
22
161
188
107
243
129
241
172
86
82
267
90
40
110
270
113
222
194
65
265
187
111
231
41
229
24
116
41
188
170
133
45
47
267
140
162
8
250
1
99
221
199
147
133
124
95
106
112
67
70
204
294
125
204
7
37
193
191
32
79
130
62
120
96
33
69
47
107
109
165
175
221
176
285
86
290
3
150
67
72
211
118
33
204
62
2
95
155
110
168
22
175
248
176
202
10
181
127
254
44
208
86
134
234
25
294
250
285
148
80
296
285
186
1
126
144
105
205
34
295
233
134
179
243
295
202
220
212
232
59
61
170
146
39
84
78
212
21
50
282
84
40
227
280
18
107
219
233
101
281
214
275
181
135
103
190
82
1
283
101
110
110
29
143
277
191
29
79
84
41
117
28
153
139
158
24
94
29
50
107
140
189
232
299
229
252
125
64
40
9
232
79
111
140
81
153
24
297
291
222
126
55
279
178
276
261
122
206
36
1
287
222
283
106
43
252
16
230
112
286
50
278
167
207
105
58
174
72
288
13
128
107
271
106
35
218
148
294
61
188
173
111
239
222
136
1
298
24
283
300
277
36
55
296
91
192
79
224
113
4
224
299
20
142
52
11
190
22
149
24
7
240
137
133
62
117
63
275
82
148
278
11
215
290
1
264
35
255
131
34
40
221
181
280
121
64
39
34
207
86
167
54
97
191
73
195
284
40
152
124
189
61
287
239
124
211
279
73
190
264
72
102
128
196
196
68
184
159
169
160
252
36
251
140
160
126
18
173
176
148
239
155
197
201
63
72
265
268
136
292
56
74
210
142
62
46
221
221
39
238
299
25
133
97
298
32
255
214
254
152
175
153
93
43
103
286
139
59
176
66
210
176
196
167
172
70
171
275
22
286
253
13
151
98
227
50
233
215
216
178
206
106
185
254
288
217
57
23
69
191
58
83
76
219
228
159
130
74
81
258
196
120
46
193
30
15
246
55
232
178
241
97
97
125
207
157
222
37
93
98
69
3
36
252
74
20
69
100
32
154
49
76
104
205
216
25
56
126
283
232
33
276
91
130
217
86
143
123
289
175
72
9
93
233
44
102
259
14
145
67
203
192
170
217
135
3
217
55
277
244
158
255
176
136
24
266
140
1
210
183
5
64
45
280
56
168
79
160
75
19
39
19
256
150
178
222
270
53
183
82
105
277
178
100
90
137
287
131
22
111
44
28
79
129
211
200
34
280
118
5
246
145
252
297
211
188
293
155
257
270
50
267
300
257
23
13
118
220
153
159
203
16
214
58
13
269
243
38
84
47
202
251
38
266
278
279
156
293
182
15
103
270
79
236
224
166
182
144
44
190
7
46
50
178
24
35
247
148
289
296
148
168
133
162
153
222
96
209
263
140
162
22
56
264
189
128
98
130
14
264
263
74
236
61
83
148
116
27
40
287
189
21
55
201
156
13
81
271
213
157
79
15
263
270
61
174
137
14
174
36
236
293
257
39
40
202
253
189
23
299
32
118
179
126
59
253
177
77
114
100
100
143
218
4
10
27
141
17
29
73
136
194
131
146
130
274
36
179
167
58
232
285
211
295
272
260
28
144
221
114
99
53
209
103
209
140
196
60
112
99
288
136
151
53
104
21
93
153
43
171
134
199
254
130
59
26
13
250
9
92
131
277
45
212
141
293
101
122
168
255
24
75
258
283
100
234
210
143
231
86
146
224
188
194
34
143
218
237
181
86
99
260
226
210
92
67
69
172
246
139
200
54
165
150
16
53
207
49
279
45
132
297
88
232
269
215
15
47
244
170
124
47
210
73
243
16
154
95
165
27
139
206
79
191
113
173
268
221
167
172
300
61
44
252
118
78
130
54
280
241
97
161
256
137
7
100
144
72
72
256
267
172
85
209
262
255
265
153
209
108
119
203
99
44
239
19
212
14
24
6
294
124
5
80
70
220
50
38
237
269
299
218
189
275
155
209
286
207
59
149
12
28
112
115
97
276
3
220
63
86
103
103
109
174
155
15
108
171
152
53
84
192
23
192
172
47
217
254
172
276
14
121
292
81
202
138
34
165
182
101
67
134
205
161
67
194
251
182
117
103
1
251
254
287
145
142
20
150
33
108
5
92
265
121
246
58
258
3
144
142
244
142
46
124
281
193
54
163
102
25
229
71
139
48
243
195
156
289
83
251
222
75
1
147
280
67
284
45
147
224
228
270
297
133
90
210
284
184
275
51
99
65
270
30
107
89
121
51
94
102
10
15
80
129
16
60
170
109
271
128
212
199
94
251
65
53
292
123
24
63
81
147
115
129
89
206
298
65
42
1
59
215
34
52
184
86
189
1
38
36
273
104
50
24
300
133
248
99
116
107
131
58
149
245
112
230
281
163
63
42
37
193
282
210
25
245
36
133
252
85
247
40
200
84
287
67
196
221
272
4
183
288
12
224
83
59
86
254
86
162
75
156
11
279
179
142
285
108
8
271
1
241
12
78
162
215
96
193
222
181
98
106
228
17
231
224
67
21
297
194
66
47
43
204
187
54
223
265
107
97
182
129
92
64
153
268
84
97
274
127
95
249
219
103
88
292
203
260
119
61
67
284
76
298
79
91
115
50
274
274
286
239
244
291
184
19
33
210
115
135
141
265
271
116
9
22
39
191
35
224
174
153
153
114
239
58
40
298
235
293
261
152
27
214
46
207
44
165
284
175
128
116
241
270
68
271
261
255
300
282
121
206
77
196
52
117
97
68
22
90
150
168
224
113
128
189
226
244
210
29
15
150
83
96
286
298
42
182
163
119
205
124
148
239
58
221
66
196
231
225
48
269
58
28
136
147
172
185
194
126
96
16
142
130
45
43
268
147
245
186
117
258
264
219
49
242
177
206
14
181
276
28
234
80
26
54
10
172
276
141
48
219
77
43
59
237
120
52
278
145
82
278
271
281
87
9
170
251
52
93
118
213
45
299
162
66
40
279
293
111
133
247
84
59
22
188
280
288
191
212
62
159
215
137
200
169
156
36
144
27
275
264
139
181
129
1
135
170
79
256
13
148
297
224
113
137
105
83
134
188
10
165
152
168
91
80
93
8
202
178
119
190
95
29
191
71
263
83
166
222
278
258
291
95
204
269
174
277
225
298
202
21
169
300
71
113
151
264
259
52
54
142
297
243
136
56
162
152
10
43
73
138
48
285
257
263
117
54
221
294
222
13
19
213
154
2
170
61
225
220
131
76
70
70
295
221
154
46
159
78
182
230
249
57
266
34
172
162
51
119
16
192
31
67
201
275
270
141
163
245
129
66
257
181
98
252
47
264
88
294
56
21
236
207
286
87
226
239
171
62
142
27
114
234
258
208
165
211
67
297
135
197
14
297
9
179
44
148
205
215
257
24
65
300
178
203
284
256
213
173
262
132
297
142
225
63
152
197
120
49
117
96
185
100
59
221
121
72
186
175
204
215
254
250
94
111
226
175
147
226
132
191
195
255
98
294
189
162
50
283
262
113
203
14
283
43
293
108
228
59
233
297
15
5
299
273
61
51
22
77
10
281
119
109
82
73
178
269
36
174
114
23
181
63
242
249
18
194
279
30
57
243
227
40
265
284
160
195
21
189
63
51
241
214
31
18
50
161
290
31
105
136
184
279
81
157
47
126
91
186
164
64
190
217
163
200
156
81
262
55
250
172
93
143
222
107
98
122
217
23
194
215
228
116
267
238
87
248
21
183
233
38
14
282
152
246
81
249
1
284
33
278
297
201
1
185
29
263
172
122
273
170
46
142
257
4
128
138
35
8
256
220
48
159
118
25
244
299
57
100
260
52
184
12
7
300
155
91
30
158
95
207
257
178
4
21
84
191
53
82
139
285
125
162
263
66
26
272
26
258
186
255
159
33
263
249
58
39
209
201
251
245
100
195
219
193
281
52
171
70
45
122
182
69
200
191
211
7
120
110
156
48
163
258
178
261
164
110
234
221
96
299
104
130
68
212
37
112
126
214
74
182
277
12
19
233
135
42
144
68
196
218
255
199
109
99
28
161
89
94
220
130
71
41
235
2
96
245
208
231
202
206
265
217
189
59
237
299
249
81
61
50
270
89
178
106
179
249
130
144
180
165
270
89
194
297
96
270
166
91
214
168
159
187
82
67
178
35
106
112
290
198
105
242
246
165
25
218
51
222
184
111
269
97
1
250
139
147
108
49
5
162
265
131
38
175
272
275
169
175
274
155
198
96
184
291
89
111
123
249
170
234
194
76
189
93
253
273
226
291
175
245
108
45
210
274
218
286
128
105
297
48
34
250
293
10
65
231
204
50
151
299
147
226
266
269
148
236
291
52
205
110
121
95
188
105
296
124
228
40
28
200
225
77
254
74
152
65
37
259
13
22
89
69
10
201
228
2
51
280
104
280
214
156
91
293
206
106
158
257
205
207
36
206
6
148
242
181
284
203
24
118
220
32
177
171
210
89
187
118
237
110
54
288
126
163
14
158
198
85
237
256
153
107
53
283
123
188
226
111
167
126
27
74
249
210
131
244
164
135
42
94
203
174
19
259
84
49
